A1: 0.0
A2: 0.5474161149131804
A3: 0.45115110811608633
A4: 0.531611119167379
A5: 0.4657443664080837
A6: 0.5349865610920803
A7: 0.0
A8: 0.0924157660455464
A9: 0.42375555525127906
A10: 0.584427000027878
A11: 0.5602844367423581
A12: 0.584376451175749
A13: 0.5823243795820621
A14: 0.5842608353939733
A15: 0.6172577325811898
A16: 0.39182969851563093