A1: 0.0
A2: 0.5474161149131804
A3: 0.45115110811608633
A4: 0.531611119167379
A5: 0.4657443664080837
A6: 0.5349865610920803
A7: 0.0
A8: 0.0924157660455464