Steps needed for 1a: 4
A1: -0.5218514423406825
A2: 0.5506389068230977
A3: -0.6489809064568101
Steps needed for 1b: 3
A4: -2.5912889344320664
A5: 0.5
A6: -2.596183815455509