A1: -0.5218514423406825
A2: 0.5506389068230977
A3: -0.6489809064568101
A4: -2.5912889344320664
A5: 0.5
A6: -2.596183815455509
A7: -0.16582270930380164
A8: 0.4656313873993986
A9: -0.16268819014281505
A10: 0.4645530805711214
A11: 0.18220191868516467
A12: 0.11359904600100071
A13: 0.18198527707699907
A14: 0.11337361614708569