A1: -1.6407332564865917e-10
A2: 0.007538467613313338
A3: -0.9560609163855849
A4: 1.0830488341422226
A5: -0.00020960770559628236
A6: 0.1766921671067803
A7: -1.549508831780286e-08
A8: 0.07467380616289498
A9: 0.9663163916345836
A10: 0.10393376549474287
A11: 0.8726641816943395
A12: 0.0011201076247866482
A13: 0.8732365848659518
A14: 0.014757434656556212
A15: 0.8735913440959829
A16: 0.005476904576983133
A17: -4.246235592577546
A18: 0.10764884101648874
A19: 0.09673572647617666
A20: 0.10975929405969759