Problem 1
------------
Eigenvalue 1: 23.100168594718042
Eigenvalue 2: 64.98707833588182
Eigenvalue 3: 106.66998568475071
Eigenvalue 4: 145.87014596759872
Eigenvalue 5: 180.5054718583762
A1: 23.100168594718042
A2: 0.006988359399717044
A3: 64.98707833588182
A4: -0.03501152488105086
A5: 106.66998568475071
A6: 0.09475447779910062
Problem 2
------------
A7: 1.544061978290341
A8: 0.0009813434750973737
A9: 1.5430904283590072
A10: 9.793543763514378e-06
A11 = 0.5388927487999999
A12 = 0.0014095570681398328
A13 = 0.5402882806455375
A14 = 1.4025222602298548e-05