Forward Euler:
A1 = 0.0019510602620941286
A2 = 0.006373013969895723
A3 = 0.00048815213093356125
A4 = 0.003914034027207669
Heun:
A5 = 1.7468619887273107e-06
A6 = 0.00011966667544519027
A7 = 1.092510940603475e-07
A8 = 2.6175756237213285e-05
rk2:
A9 = 1.9852660162467117e-06
A10 = 9.36356175827574e-05
A11 = 1.241520278805197e-07
A12 = 1.978206556856564e-05
Predictor-corrector:
A13 = 3.141592735212949
A14 = 6.249910455835561e-07
A15 = 3.1415921148567025
A16 = 4.6347992110895575e-09
fitzhugh_nagumo:
A17 = -0.8607958606933205
A18 = 1.098901098901099
A19 = -0.8603788514052567
A20 = 0.14347202295552366