Forward Euler:
A1 = 8.000000661922968e-10
A2 = 6.260997991907116e-06
A3 = 7.999823026239028e-12
A4 = 6.262674329352708e-07
Heun:
A5 = 1.1102230246251565e-16
A6 = 3.699058594153204e-11
A7 = 2.220446049250313e-16
A8 = 3.7008243691794007e-13
rk2:
A9 = 1.1102230246251565e-16
A10 = 2.6631931035470124e-11
A11 = 2.220446049250313e-16
A12 = 2.662262771346846e-13